0000000000000000000000000000000000000000000000000000000000000000
0000000000000000000000000000000000000000000000000000000000000001
0000000000000000000000000000000000000000000000000000000000000011
0000000000000000000000000000000000000000000000000000000000000111
0000000000000000000000000000000000000000000000000000000000001111
0000000000000000000000000000000000000000000000000000000000010111
0000000000000000000000000000000000000000000000000000000000011111
0000000000000000000000000000000000000000000000000000000000111111
0000000000000000000000000000000000000000000000000000000001111111
0000000000000000000000000000000000000000000000000000000011111111
0000000000000000000000000000000000000000000000000000000100010111
0000000000000000000000000000000000000000000000000000000100011111
0000000000000000000000000000000000000000000000000000000100111111
0000000000000000000000000000000000000000000000000000000101111111
0000000000000000000000000000000000000000000000000000000111111111
0000000000000000000000000000000000000000000000000000001100111111
0000000000000000000000000000000000000000000000000000001101111111
0000000000000000000000000000000000000000000000000000001111111111
0000000000000000000000000000000000000000000000000000011101111111
0000000000000000000000000000000000000000000000000000011111111111
0000000000000000000000000000000000000000000000000000111111111111
0000000000000000000000000000000000000000000000000001011101111111
0000000000000000000000000000000000000000000000000001011111111111
0000000000000000000000000000000000000000000000000001111111111111
0000000000000000000000000000000000000000000000000011111111111111
0000000000000000000000000000000000000000000000000111111111111111
0000000000000000000000000000000000000000000000001111111111111111
0000000000000000000000000000000000000000000000010000000100010111
0000000000000000000000000000000000000000000000010000000100011111
0000000000000000000000000000000000000000000000010000000100111111
0000000000000000000000000000000000000000000000010000000101111111
0000000000000000000000000000000000000000000000010000000111111111
0000000000000000000000000000000000000000000000010000001100111111
0000000000000000000000000000000000000000000000010000001101111111
0000000000000000000000000000000000000000000000010000001111111111
0000000000000000000000000000000000000000000000010000011101111111
0000000000000000000000000000000000000000000000010000011111111111
0000000000000000000000000000000000000000000000010000111111111111
0000000000000000000000000000000000000000000000010001011101111111
0000000000000000000000000000000000000000000000010001011111111111
0000000000000000000000000000000000000000000000010001111111111111
0000000000000000000000000000000000000000000000010011111111111111
0000000000000000000000000000000000000000000000010111111111111111
0000000000000000000000000000000000000000000000011111111111111111
0000000000000000000000000000000000000000000000110000001100111111
0000000000000000000000000000000000000000000000110000001101111111
0000000000000000000000000000000000000000000000110000001111111111
0000000000000000000000000000000000000000000000110000011101111111
0000000000000000000000000000000000000000000000110000011111111111
0000000000000000000000000000000000000000000000110000111111111111
0000000000000000000000000000000000000000000000110001011101111111
0000000000000000000000000000000000000000000000110001011111111111
0000000000000000000000000000000000000000000000110001111111111111
0000000000000000000000000000000000000000000000110011111111111111
0000000000000000000000000000000000000000000000110111111111111111
0000000000000000000000000000000000000000000000111111111111111111
0000000000000000000000000000000000000000000001110000011101111111
0000000000000000000000000000000000000000000001110000011111111111
0000000000000000000000000000000000000000000001110000111111111111
0000000000000000000000000000000000000000000001110001011101111111
0000000000000000000000000000000000000000000001110001011111111111
0000000000000000000000000000000000000000000001110001111111111111
0000000000000000000000000000000000000000000001110011111111111111
0000000000000000000000000000000000000000000001110111111111111111
0000000000000000000000000000000000000000000001111111111111111111
0000000000000000000000000000000000000000000011110000111111111111
0000000000000000000000000000000000000000000011110001111111111111
0000000000000000000000000000000000000000000011110011111111111111
0000000000000000000000000000000000000000000011110111111111111111
0000000000000000000000000000000000000000000011111111111111111111
0000000000000000000000000000000000000000000101110001011101111111
0000000000000000000000000000000000000000000101110001011111111111
0000000000000000000000000000000000000000000101110001111111111111
0000000000000000000000000000000000000000000101110011111111111111
0000000000000000000000000000000000000000000101110111111111111111
0000000000000000000000000000000000000000000101111111111111111111
0000000000000000000000000000000000000000000111110001111111111111
0000000000000000000000000000000000000000000111110011111111111111
0000000000000000000000000000000000000000000111110111111111111111
0000000000000000000000000000000000000000000111111111111111111111
0000000000000000000000000000000000000000001111110011111111111111
0000000000000000000000000000000000000000001111110111111111111111
0000000000000000000000000000000000000000001111111111111111111111
0000000000000000000000000000000000000000011111110111111111111111
0000000000000000000000000000000000000000011111111111111111111111
0000000000000000000000000000000000000000111111111111111111111111
0000000000000000000000000000000000000001000101110001011101111111
0000000000000000000000000000000000000001000101110001011111111111
0000000000000000000000000000000000000001000101110001111111111111
0000000000000000000000000000000000000001000101110011111111111111
0000000000000000000000000000000000000001000101110111111111111111
0000000000000000000000000000000000000001000101111111111111111111
0000000000000000000000000000000000000001000111110001111111111111
0000000000000000000000000000000000000001000111110011111111111111
0000000000000000000000000000000000000001000111110111111111111111
0000000000000000000000000000000000000001000111111111111111111111
0000000000000000000000000000000000000001001111110011111111111111
0000000000000000000000000000000000000001001111110111111111111111
0000000000000000000000000000000000000001001111111111111111111111
0000000000000000000000000000000000000001011111110111111111111111
0000000000000000000000000000000000000001011111111111111111111111
0000000000000000000000000000000000000001111111111111111111111111
0000000000000000000000000000000000000011001111110011111111111111
0000000000000000000000000000000000000011001111110111111111111111
0000000000000000000000000000000000000011001111111111111111111111
0000000000000000000000000000000000000011011111110111111111111111
0000000000000000000000000000000000000011011111111111111111111111
0000000000000000000000000000000000000011111111111111111111111111
0000000000000000000000000000000000000111011111110111111111111111
0000000000000000000000000000000000000111011111111111111111111111
0000000000000000000000000000000000000111111111111111111111111111
0000000000000000000000000000000000001111111111111111111111111111
0000000000000000000000000000000000010111011111110111111111111111
0000000000000000000000000000000000010111011111111111111111111111
0000000000000000000000000000000000010111111111111111111111111111
0000000000000000000000000000000000011111111111111111111111111111
0000000000000000000000000000000000111111111111111111111111111111
0000000000000000000000000000000001111111111111111111111111111111
0000000000000000000000000000000011111111111111111111111111111111
0000000000000000000000000000000100000000000000010000000100010111
0000000000000000000000000000000100000000000000010000000100011111
0000000000000000000000000000000100000000000000010000000100111111
0000000000000000000000000000000100000000000000010000000101111111
0000000000000000000000000000000100000000000000010000000111111111
0000000000000000000000000000000100000000000000010000001100111111
0000000000000000000000000000000100000000000000010000001101111111
0000000000000000000000000000000100000000000000010000001111111111
0000000000000000000000000000000100000000000000010000011101111111
0000000000000000000000000000000100000000000000010000011111111111
0000000000000000000000000000000100000000000000010000111111111111
0000000000000000000000000000000100000000000000010001011101111111
0000000000000000000000000000000100000000000000010001011111111111
0000000000000000000000000000000100000000000000010001111111111111
0000000000000000000000000000000100000000000000010011111111111111
0000000000000000000000000000000100000000000000010111111111111111
0000000000000000000000000000000100000000000000011111111111111111
0000000000000000000000000000000100000000000000110000001100111111
0000000000000000000000000000000100000000000000110000001101111111
0000000000000000000000000000000100000000000000110000001111111111
0000000000000000000000000000000100000000000000110000011101111111
0000000000000000000000000000000100000000000000110000011111111111
0000000000000000000000000000000100000000000000110000111111111111
0000000000000000000000000000000100000000000000110001011101111111
0000000000000000000000000000000100000000000000110001011111111111
0000000000000000000000000000000100000000000000110001111111111111
0000000000000000000000000000000100000000000000110011111111111111
0000000000000000000000000000000100000000000000110111111111111111
0000000000000000000000000000000100000000000000111111111111111111
0000000000000000000000000000000100000000000001110000011101111111
0000000000000000000000000000000100000000000001110000011111111111
0000000000000000000000000000000100000000000001110000111111111111
0000000000000000000000000000000100000000000001110001011101111111
0000000000000000000000000000000100000000000001110001011111111111
0000000000000000000000000000000100000000000001110001111111111111
0000000000000000000000000000000100000000000001110011111111111111
0000000000000000000000000000000100000000000001110111111111111111
0000000000000000000000000000000100000000000001111111111111111111
0000000000000000000000000000000100000000000011110000111111111111
0000000000000000000000000000000100000000000011110001111111111111
0000000000000000000000000000000100000000000011110011111111111111
0000000000000000000000000000000100000000000011110111111111111111
0000000000000000000000000000000100000000000011111111111111111111
0000000000000000000000000000000100000000000101110001011101111111
0000000000000000000000000000000100000000000101110001011111111111
0000000000000000000000000000000100000000000101110001111111111111
0000000000000000000000000000000100000000000101110011111111111111
0000000000000000000000000000000100000000000101110111111111111111
0000000000000000000000000000000100000000000101111111111111111111
0000000000000000000000000000000100000000000111110001111111111111
0000000000000000000000000000000100000000000111110011111111111111
0000000000000000000000000000000100000000000111110111111111111111
0000000000000000000000000000000100000000000111111111111111111111
0000000000000000000000000000000100000000001111110011111111111111
0000000000000000000000000000000100000000001111110111111111111111
0000000000000000000000000000000100000000001111111111111111111111
0000000000000000000000000000000100000000011111110111111111111111
0000000000000000000000000000000100000000011111111111111111111111
0000000000000000000000000000000100000000111111111111111111111111
0000000000000000000000000000000100000001000101110001011101111111
0000000000000000000000000000000100000001000101110001011111111111
0000000000000000000000000000000100000001000101110001111111111111
0000000000000000000000000000000100000001000101110011111111111111
0000000000000000000000000000000100000001000101110111111111111111
0000000000000000000000000000000100000001000101111111111111111111
0000000000000000000000000000000100000001000111110001111111111111
0000000000000000000000000000000100000001000111110011111111111111
0000000000000000000000000000000100000001000111110111111111111111
0000000000000000000000000000000100000001000111111111111111111111
0000000000000000000000000000000100000001001111110011111111111111
0000000000000000000000000000000100000001001111110111111111111111
0000000000000000000000000000000100000001001111111111111111111111
0000000000000000000000000000000100000001011111110111111111111111
0000000000000000000000000000000100000001011111111111111111111111
0000000000000000000000000000000100000001111111111111111111111111
0000000000000000000000000000000100000011001111110011111111111111
0000000000000000000000000000000100000011001111110111111111111111
0000000000000000000000000000000100000011001111111111111111111111
0000000000000000000000000000000100000011011111110111111111111111
0000000000000000000000000000000100000011011111111111111111111111
0000000000000000000000000000000100000011111111111111111111111111
0000000000000000000000000000000100000111011111110111111111111111
0000000000000000000000000000000100000111011111111111111111111111
0000000000000000000000000000000100000111111111111111111111111111
0000000000000000000000000000000100001111111111111111111111111111
0000000000000000000000000000000100010111011111110111111111111111
0000000000000000000000000000000100010111011111111111111111111111
0000000000000000000000000000000100010111111111111111111111111111
0000000000000000000000000000000100011111111111111111111111111111
0000000000000000000000000000000100111111111111111111111111111111
0000000000000000000000000000000101111111111111111111111111111111
0000000000000000000000000000000111111111111111111111111111111111
0000000000000000000000000000001100000000000000110000001100111111
0000000000000000000000000000001100000000000000110000001101111111
0000000000000000000000000000001100000000000000110000001111111111
0000000000000000000000000000001100000000000000110000011101111111
0000000000000000000000000000001100000000000000110000011111111111
0000000000000000000000000000001100000000000000110000111111111111
0000000000000000000000000000001100000000000000110001011101111111
0000000000000000000000000000001100000000000000110001011111111111
0000000000000000000000000000001100000000000000110001111111111111
0000000000000000000000000000001100000000000000110011111111111111
0000000000000000000000000000001100000000000000110111111111111111
0000000000000000000000000000001100000000000000111111111111111111
0000000000000000000000000000001100000000000001110000011101111111
0000000000000000000000000000001100000000000001110000011111111111
0000000000000000000000000000001100000000000001110000111111111111
0000000000000000000000000000001100000000000001110001011101111111
0000000000000000000000000000001100000000000001110001011111111111
0000000000000000000000000000001100000000000001110001111111111111
0000000000000000000000000000001100000000000001110011111111111111
0000000000000000000000000000001100000000000001110111111111111111
0000000000000000000000000000001100000000000001111111111111111111
0000000000000000000000000000001100000000000011110000111111111111
0000000000000000000000000000001100000000000011110001111111111111
0000000000000000000000000000001100000000000011110011111111111111
0000000000000000000000000000001100000000000011110111111111111111
0000000000000000000000000000001100000000000011111111111111111111
0000000000000000000000000000001100000000000101110001011101111111
0000000000000000000000000000001100000000000101110001011111111111
0000000000000000000000000000001100000000000101110001111111111111
0000000000000000000000000000001100000000000101110011111111111111
0000000000000000000000000000001100000000000101110111111111111111
0000000000000000000000000000001100000000000101111111111111111111
0000000000000000000000000000001100000000000111110001111111111111
0000000000000000000000000000001100000000000111110011111111111111
0000000000000000000000000000001100000000000111110111111111111111
0000000000000000000000000000001100000000000111111111111111111111
0000000000000000000000000000001100000000001111110011111111111111
0000000000000000000000000000001100000000001111110111111111111111
0000000000000000000000000000001100000000001111111111111111111111
0000000000000000000000000000001100000000011111110111111111111111
0000000000000000000000000000001100000000011111111111111111111111
0000000000000000000000000000001100000000111111111111111111111111
0000000000000000000000000000001100000001000101110001011101111111
0000000000000000000000000000001100000001000101110001011111111111
0000000000000000000000000000001100000001000101110001111111111111
0000000000000000000000000000001100000001000101110011111111111111
0000000000000000000000000000001100000001000101110111111111111111
0000000000000000000000000000001100000001000101111111111111111111
0000000000000000000000000000001100000001000111110001111111111111
0000000000000000000000000000001100000001000111110011111111111111
0000000000000000000000000000001100000001000111110111111111111111
0000000000000000000000000000001100000001000111111111111111111111
0000000000000000000000000000001100000001001111110011111111111111
0000000000000000000000000000001100000001001111110111111111111111
0000000000000000000000000000001100000001001111111111111111111111
0000000000000000000000000000001100000001011111110111111111111111
0000000000000000000000000000001100000001011111111111111111111111
0000000000000000000000000000001100000001111111111111111111111111
0000000000000000000000000000001100000011001111110011111111111111
0000000000000000000000000000001100000011001111110111111111111111
0000000000000000000000000000001100000011001111111111111111111111
0000000000000000000000000000001100000011011111110111111111111111
0000000000000000000000000000001100000011011111111111111111111111
0000000000000000000000000000001100000011111111111111111111111111
0000000000000000000000000000001100000111011111110111111111111111
0000000000000000000000000000001100000111011111111111111111111111
0000000000000000000000000000001100000111111111111111111111111111
0000000000000000000000000000001100001111111111111111111111111111
0000000000000000000000000000001100010111011111110111111111111111
0000000000000000000000000000001100010111011111111111111111111111
0000000000000000000000000000001100010111111111111111111111111111
0000000000000000000000000000001100011111111111111111111111111111
0000000000000000000000000000001100111111111111111111111111111111
0000000000000000000000000000001101111111111111111111111111111111
0000000000000000000000000000001111111111111111111111111111111111
0000000000000000000000000000011100000000000001110000011101111111
0000000000000000000000000000011100000000000001110000011111111111
0000000000000000000000000000011100000000000001110000111111111111
0000000000000000000000000000011100000000000001110001011101111111
0000000000000000000000000000011100000000000001110001011111111111
0000000000000000000000000000011100000000000001110001111111111111
0000000000000000000000000000011100000000000001110011111111111111
0000000000000000000000000000011100000000000001110111111111111111
0000000000000000000000000000011100000000000001111111111111111111
0000000000000000000000000000011100000000000011110000111111111111
0000000000000000000000000000011100000000000011110001111111111111
0000000000000000000000000000011100000000000011110011111111111111
0000000000000000000000000000011100000000000011110111111111111111
0000000000000000000000000000011100000000000011111111111111111111
0000000000000000000000000000011100000000000101110001011101111111
0000000000000000000000000000011100000000000101110001011111111111
0000000000000000000000000000011100000000000101110001111111111111
0000000000000000000000000000011100000000000101110011111111111111
0000000000000000000000000000011100000000000101110111111111111111
0000000000000000000000000000011100000000000101111111111111111111
0000000000000000000000000000011100000000000111110001111111111111
0000000000000000000000000000011100000000000111110011111111111111
0000000000000000000000000000011100000000000111110111111111111111
0000000000000000000000000000011100000000000111111111111111111111
0000000000000000000000000000011100000000001111110011111111111111
0000000000000000000000000000011100000000001111110111111111111111
0000000000000000000000000000011100000000001111111111111111111111
0000000000000000000000000000011100000000011111110111111111111111
0000000000000000000000000000011100000000011111111111111111111111
0000000000000000000000000000011100000000111111111111111111111111
0000000000000000000000000000011100000001000101110001011101111111
0000000000000000000000000000011100000001000101110001011111111111
0000000000000000000000000000011100000001000101110001111111111111
0000000000000000000000000000011100000001000101110011111111111111
0000000000000000000000000000011100000001000101110111111111111111
0000000000000000000000000000011100000001000101111111111111111111
0000000000000000000000000000011100000001000111110001111111111111
0000000000000000000000000000011100000001000111110011111111111111
0000000000000000000000000000011100000001000111110111111111111111
0000000000000000000000000000011100000001000111111111111111111111
0000000000000000000000000000011100000001001111110011111111111111
0000000000000000000000000000011100000001001111110111111111111111
0000000000000000000000000000011100000001001111111111111111111111
0000000000000000000000000000011100000001011111110111111111111111
0000000000000000000000000000011100000001011111111111111111111111
0000000000000000000000000000011100000001111111111111111111111111
0000000000000000000000000000011100000011001111110011111111111111
0000000000000000000000000000011100000011001111110111111111111111
0000000000000000000000000000011100000011001111111111111111111111
0000000000000000000000000000011100000011011111110111111111111111
0000000000000000000000000000011100000011011111111111111111111111
0000000000000000000000000000011100000011111111111111111111111111
0000000000000000000000000000011100000111011111110111111111111111
0000000000000000000000000000011100000111011111111111111111111111
0000000000000000000000000000011100000111111111111111111111111111
0000000000000000000000000000011100001111111111111111111111111111
0000000000000000000000000000011100010111011111110111111111111111
0000000000000000000000000000011100010111011111111111111111111111
0000000000000000000000000000011100010111111111111111111111111111
0000000000000000000000000000011100011111111111111111111111111111
0000000000000000000000000000011100111111111111111111111111111111
0000000000000000000000000000011101111111111111111111111111111111
0000000000000000000000000000011111111111111111111111111111111111
0000000000000000000000000000111100000000000011110000111111111111
0000000000000000000000000000111100000000000011110001111111111111
0000000000000000000000000000111100000000000011110011111111111111
0000000000000000000000000000111100000000000011110111111111111111
0000000000000000000000000000111100000000000011111111111111111111
0000000000000000000000000000111100000000000111110001111111111111
0000000000000000000000000000111100000000000111110011111111111111
0000000000000000000000000000111100000000000111110111111111111111
0000000000000000000000000000111100000000000111111111111111111111
0000000000000000000000000000111100000000001111110011111111111111
0000000000000000000000000000111100000000001111110111111111111111
0000000000000000000000000000111100000000001111111111111111111111
0000000000000000000000000000111100000000011111110111111111111111
0000000000000000000000000000111100000000011111111111111111111111
0000000000000000000000000000111100000000111111111111111111111111
0000000000000000000000000000111100000001000111110001111111111111
0000000000000000000000000000111100000001000111110011111111111111
0000000000000000000000000000111100000001000111110111111111111111
0000000000000000000000000000111100000001000111111111111111111111
0000000000000000000000000000111100000001001111110011111111111111
0000000000000000000000000000111100000001001111110111111111111111
0000000000000000000000000000111100000001001111111111111111111111
0000000000000000000000000000111100000001011111110111111111111111
0000000000000000000000000000111100000001011111111111111111111111
0000000000000000000000000000111100000001111111111111111111111111
0000000000000000000000000000111100000011001111110011111111111111
0000000000000000000000000000111100000011001111110111111111111111
0000000000000000000000000000111100000011001111111111111111111111
0000000000000000000000000000111100000011011111110111111111111111
0000000000000000000000000000111100000011011111111111111111111111
0000000000000000000000000000111100000011111111111111111111111111
0000000000000000000000000000111100000111011111110111111111111111
0000000000000000000000000000111100000111011111111111111111111111
0000000000000000000000000000111100000111111111111111111111111111
0000000000000000000000000000111100001111111111111111111111111111
0000000000000000000000000000111100010111011111110111111111111111
0000000000000000000000000000111100010111011111111111111111111111
0000000000000000000000000000111100010111111111111111111111111111
0000000000000000000000000000111100011111111111111111111111111111
0000000000000000000000000000111100111111111111111111111111111111
0000000000000000000000000000111101111111111111111111111111111111
0000000000000000000000000000111111111111111111111111111111111111
0000000000000000000000000001011100000000000101110001011101111111
0000000000000000000000000001011100000000000101110001011111111111
0000000000000000000000000001011100000000000101110001111111111111
0000000000000000000000000001011100000000000101110011111111111111
0000000000000000000000000001011100000000000101110111111111111111
0000000000000000000000000001011100000000000101111111111111111111
0000000000000000000000000001011100000000000111110001111111111111
0000000000000000000000000001011100000000000111110011111111111111
0000000000000000000000000001011100000000000111110111111111111111
0000000000000000000000000001011100000000000111111111111111111111
0000000000000000000000000001011100000000001111110011111111111111
0000000000000000000000000001011100000000001111110111111111111111
0000000000000000000000000001011100000000001111111111111111111111
0000000000000000000000000001011100000000011111110111111111111111
0000000000000000000000000001011100000000011111111111111111111111
0000000000000000000000000001011100000000111111111111111111111111
0000000000000000000000000001011100000001000101110001011101111111
0000000000000000000000000001011100000001000101110001011111111111
0000000000000000000000000001011100000001000101110001111111111111
0000000000000000000000000001011100000001000101110011111111111111
0000000000000000000000000001011100000001000101110111111111111111
0000000000000000000000000001011100000001000101111111111111111111
0000000000000000000000000001011100000001000111110001111111111111
0000000000000000000000000001011100000001000111110011111111111111
0000000000000000000000000001011100000001000111110111111111111111
0000000000000000000000000001011100000001000111111111111111111111
0000000000000000000000000001011100000001001111110011111111111111
0000000000000000000000000001011100000001001111110111111111111111
0000000000000000000000000001011100000001001111111111111111111111
0000000000000000000000000001011100000001011111110111111111111111
0000000000000000000000000001011100000001011111111111111111111111
0000000000000000000000000001011100000001111111111111111111111111
0000000000000000000000000001011100000011001111110011111111111111
0000000000000000000000000001011100000011001111110111111111111111
0000000000000000000000000001011100000011001111111111111111111111
0000000000000000000000000001011100000011011111110111111111111111
0000000000000000000000000001011100000011011111111111111111111111
0000000000000000000000000001011100000011111111111111111111111111
0000000000000000000000000001011100000111011111110111111111111111
0000000000000000000000000001011100000111011111111111111111111111
0000000000000000000000000001011100000111111111111111111111111111
0000000000000000000000000001011100001111111111111111111111111111
0000000000000000000000000001011100010111011111110111111111111111
0000000000000000000000000001011100010111011111111111111111111111
0000000000000000000000000001011100010111111111111111111111111111
0000000000000000000000000001011100011111111111111111111111111111
0000000000000000000000000001011100111111111111111111111111111111
0000000000000000000000000001011101111111111111111111111111111111
0000000000000000000000000001011111111111111111111111111111111111
0000000000000000000000000001111100000000000111110001111111111111
0000000000000000000000000001111100000000000111110011111111111111
0000000000000000000000000001111100000000000111110111111111111111
0000000000000000000000000001111100000000000111111111111111111111
0000000000000000000000000001111100000000001111110011111111111111
0000000000000000000000000001111100000000001111110111111111111111
0000000000000000000000000001111100000000001111111111111111111111
0000000000000000000000000001111100000000011111110111111111111111
0000000000000000000000000001111100000000011111111111111111111111
0000000000000000000000000001111100000000111111111111111111111111
0000000000000000000000000001111100000001000111110001111111111111
0000000000000000000000000001111100000001000111110011111111111111
0000000000000000000000000001111100000001000111110111111111111111
0000000000000000000000000001111100000001000111111111111111111111
0000000000000000000000000001111100000001001111110011111111111111
0000000000000000000000000001111100000001001111110111111111111111
0000000000000000000000000001111100000001001111111111111111111111
0000000000000000000000000001111100000001011111110111111111111111
0000000000000000000000000001111100000001011111111111111111111111
0000000000000000000000000001111100000001111111111111111111111111
0000000000000000000000000001111100000011001111110011111111111111
0000000000000000000000000001111100000011001111110111111111111111
0000000000000000000000000001111100000011001111111111111111111111
0000000000000000000000000001111100000011011111110111111111111111
0000000000000000000000000001111100000011011111111111111111111111
0000000000000000000000000001111100000011111111111111111111111111
0000000000000000000000000001111100000111011111110111111111111111
0000000000000000000000000001111100000111011111111111111111111111
0000000000000000000000000001111100000111111111111111111111111111
0000000000000000000000000001111100001111111111111111111111111111
0000000000000000000000000001111100010111011111110111111111111111
0000000000000000000000000001111100010111011111111111111111111111
0000000000000000000000000001111100010111111111111111111111111111
0000000000000000000000000001111100011111111111111111111111111111
0000000000000000000000000001111100111111111111111111111111111111
0000000000000000000000000001111101111111111111111111111111111111
0000000000000000000000000001111111111111111111111111111111111111
0000000000000000000000000011111100000000001111110011111111111111
0000000000000000000000000011111100000000001111110111111111111111
0000000000000000000000000011111100000000001111111111111111111111
0000000000000000000000000011111100000000011111110111111111111111
0000000000000000000000000011111100000000011111111111111111111111
0000000000000000000000000011111100000000111111111111111111111111
0000000000000000000000000011111100000001001111110011111111111111
0000000000000000000000000011111100000001001111110111111111111111
0000000000000000000000000011111100000001001111111111111111111111
0000000000000000000000000011111100000001011111110111111111111111
0000000000000000000000000011111100000001011111111111111111111111
0000000000000000000000000011111100000001111111111111111111111111
0000000000000000000000000011111100000011001111110011111111111111
0000000000000000000000000011111100000011001111110111111111111111
0000000000000000000000000011111100000011001111111111111111111111
0000000000000000000000000011111100000011011111110111111111111111
0000000000000000000000000011111100000011011111111111111111111111
0000000000000000000000000011111100000011111111111111111111111111
0000000000000000000000000011111100000111011111110111111111111111
0000000000000000000000000011111100000111011111111111111111111111
0000000000000000000000000011111100000111111111111111111111111111
0000000000000000000000000011111100001111111111111111111111111111
0000000000000000000000000011111100010111011111110111111111111111
0000000000000000000000000011111100010111011111111111111111111111
0000000000000000000000000011111100010111111111111111111111111111
0000000000000000000000000011111100011111111111111111111111111111
0000000000000000000000000011111100111111111111111111111111111111
0000000000000000000000000011111101111111111111111111111111111111
0000000000000000000000000011111111111111111111111111111111111111
0000000000000000000000000111111100000000011111110111111111111111
0000000000000000000000000111111100000000011111111111111111111111
0000000000000000000000000111111100000000111111111111111111111111
0000000000000000000000000111111100000001011111110111111111111111
0000000000000000000000000111111100000001011111111111111111111111
0000000000000000000000000111111100000001111111111111111111111111
0000000000000000000000000111111100000011011111110111111111111111
0000000000000000000000000111111100000011011111111111111111111111
0000000000000000000000000111111100000011111111111111111111111111
0000000000000000000000000111111100000111011111110111111111111111
0000000000000000000000000111111100000111011111111111111111111111
0000000000000000000000000111111100000111111111111111111111111111
0000000000000000000000000111111100001111111111111111111111111111
0000000000000000000000000111111100010111011111110111111111111111
0000000000000000000000000111111100010111011111111111111111111111
0000000000000000000000000111111100010111111111111111111111111111
0000000000000000000000000111111100011111111111111111111111111111
0000000000000000000000000111111100111111111111111111111111111111
0000000000000000000000000111111101111111111111111111111111111111
0000000000000000000000000111111111111111111111111111111111111111
0000000000000000000000001111111100000000111111111111111111111111
0000000000000000000000001111111100000001111111111111111111111111
0000000000000000000000001111111100000011111111111111111111111111
0000000000000000000000001111111100000111111111111111111111111111
0000000000000000000000001111111100001111111111111111111111111111
0000000000000000000000001111111100010111111111111111111111111111
0000000000000000000000001111111100011111111111111111111111111111
0000000000000000000000001111111100111111111111111111111111111111
0000000000000000000000001111111101111111111111111111111111111111
0000000000000000000000001111111111111111111111111111111111111111
0000000000000000000000010001011100000001000101110001011101111111
0000000000000000000000010001011100000001000101110001011111111111
0000000000000000000000010001011100000001000101110001111111111111
0000000000000000000000010001011100000001000101110011111111111111
0000000000000000000000010001011100000001000101110111111111111111
0000000000000000000000010001011100000001000101111111111111111111
0000000000000000000000010001011100000001000111110001111111111111
0000000000000000000000010001011100000001000111110011111111111111
0000000000000000000000010001011100000001000111110111111111111111
0000000000000000000000010001011100000001000111111111111111111111
0000000000000000000000010001011100000001001111110011111111111111
0000000000000000000000010001011100000001001111110111111111111111
0000000000000000000000010001011100000001001111111111111111111111
0000000000000000000000010001011100000001011111110111111111111111
0000000000000000000000010001011100000001011111111111111111111111
0000000000000000000000010001011100000001111111111111111111111111
0000000000000000000000010001011100000011001111110011111111111111
0000000000000000000000010001011100000011001111110111111111111111
0000000000000000000000010001011100000011001111111111111111111111
0000000000000000000000010001011100000011011111110111111111111111
0000000000000000000000010001011100000011011111111111111111111111
0000000000000000000000010001011100000011111111111111111111111111
0000000000000000000000010001011100000111011111110111111111111111
0000000000000000000000010001011100000111011111111111111111111111
0000000000000000000000010001011100000111111111111111111111111111
0000000000000000000000010001011100001111111111111111111111111111
0000000000000000000000010001011100010111011111110111111111111111
0000000000000000000000010001011100010111011111111111111111111111
0000000000000000000000010001011100010111111111111111111111111111
0000000000000000000000010001011100011111111111111111111111111111
0000000000000000000000010001011100111111111111111111111111111111
0000000000000000000000010001011101111111111111111111111111111111
0000000000000000000000010001011111111111111111111111111111111111
0000000000000000000000010001111100000001000111110001111111111111
0000000000000000000000010001111100000001000111110011111111111111
0000000000000000000000010001111100000001000111110111111111111111
0000000000000000000000010001111100000001000111111111111111111111
0000000000000000000000010001111100000001001111110011111111111111
0000000000000000000000010001111100000001001111110111111111111111
0000000000000000000000010001111100000001001111111111111111111111
0000000000000000000000010001111100000001011111110111111111111111
0000000000000000000000010001111100000001011111111111111111111111
0000000000000000000000010001111100000001111111111111111111111111
0000000000000000000000010001111100000011001111110011111111111111
0000000000000000000000010001111100000011001111110111111111111111
0000000000000000000000010001111100000011001111111111111111111111
0000000000000000000000010001111100000011011111110111111111111111
0000000000000000000000010001111100000011011111111111111111111111
0000000000000000000000010001111100000011111111111111111111111111
0000000000000000000000010001111100000111011111110111111111111111
0000000000000000000000010001111100000111011111111111111111111111
0000000000000000000000010001111100000111111111111111111111111111
0000000000000000000000010001111100001111111111111111111111111111
0000000000000000000000010001111100010111011111110111111111111111
0000000000000000000000010001111100010111011111111111111111111111
0000000000000000000000010001111100010111111111111111111111111111
0000000000000000000000010001111100011111111111111111111111111111
0000000000000000000000010001111100111111111111111111111111111111
0000000000000000000000010001111101111111111111111111111111111111
0000000000000000000000010001111111111111111111111111111111111111
0000000000000000000000010011111100000001001111110011111111111111
0000000000000000000000010011111100000001001111110111111111111111
0000000000000000000000010011111100000001001111111111111111111111
0000000000000000000000010011111100000001011111110111111111111111
0000000000000000000000010011111100000001011111111111111111111111
0000000000000000000000010011111100000001111111111111111111111111
0000000000000000000000010011111100000011001111110011111111111111
0000000000000000000000010011111100000011001111110111111111111111
0000000000000000000000010011111100000011001111111111111111111111
0000000000000000000000010011111100000011011111110111111111111111
0000000000000000000000010011111100000011011111111111111111111111
0000000000000000000000010011111100000011111111111111111111111111
0000000000000000000000010011111100000111011111110111111111111111
0000000000000000000000010011111100000111011111111111111111111111
0000000000000000000000010011111100000111111111111111111111111111
0000000000000000000000010011111100001111111111111111111111111111
0000000000000000000000010011111100010111011111110111111111111111
0000000000000000000000010011111100010111011111111111111111111111
0000000000000000000000010011111100010111111111111111111111111111
0000000000000000000000010011111100011111111111111111111111111111
0000000000000000000000010011111100111111111111111111111111111111
0000000000000000000000010011111101111111111111111111111111111111
0000000000000000000000010011111111111111111111111111111111111111
0000000000000000000000010111111100000001011111110111111111111111
0000000000000000000000010111111100000001011111111111111111111111
0000000000000000000000010111111100000001111111111111111111111111
0000000000000000000000010111111100000011011111110111111111111111
0000000000000000000000010111111100000011011111111111111111111111
0000000000000000000000010111111100000011111111111111111111111111
0000000000000000000000010111111100000111011111110111111111111111
0000000000000000000000010111111100000111011111111111111111111111
0000000000000000000000010111111100000111111111111111111111111111
0000000000000000000000010111111100001111111111111111111111111111
0000000000000000000000010111111100010111011111110111111111111111
0000000000000000000000010111111100010111011111111111111111111111
0000000000000000000000010111111100010111111111111111111111111111
0000000000000000000000010111111100011111111111111111111111111111
0000000000000000000000010111111100111111111111111111111111111111
0000000000000000000000010111111101111111111111111111111111111111
0000000000000000000000010111111111111111111111111111111111111111
0000000000000000000000011111111100000001111111111111111111111111
0000000000000000000000011111111100000011111111111111111111111111
0000000000000000000000011111111100000111111111111111111111111111
0000000000000000000000011111111100001111111111111111111111111111
0000000000000000000000011111111100010111111111111111111111111111
0000000000000000000000011111111100011111111111111111111111111111
0000000000000000000000011111111100111111111111111111111111111111
0000000000000000000000011111111101111111111111111111111111111111
0000000000000000000000011111111111111111111111111111111111111111
0000000000000000000000110011111100000011001111110011111111111111
0000000000000000000000110011111100000011001111110111111111111111
0000000000000000000000110011111100000011001111111111111111111111
0000000000000000000000110011111100000011011111110111111111111111
0000000000000000000000110011111100000011011111111111111111111111
0000000000000000000000110011111100000011111111111111111111111111
0000000000000000000000110011111100000111011111110111111111111111
0000000000000000000000110011111100000111011111111111111111111111
0000000000000000000000110011111100000111111111111111111111111111
0000000000000000000000110011111100001111111111111111111111111111
0000000000000000000000110011111100010111011111110111111111111111
0000000000000000000000110011111100010111011111111111111111111111
0000000000000000000000110011111100010111111111111111111111111111
0000000000000000000000110011111100011111111111111111111111111111
0000000000000000000000110011111100111111111111111111111111111111
0000000000000000000000110011111101111111111111111111111111111111
0000000000000000000000110011111111111111111111111111111111111111
0000000000000000000000110111111100000011011111110111111111111111
0000000000000000000000110111111100000011011111111111111111111111
0000000000000000000000110111111100000011111111111111111111111111
0000000000000000000000110111111100000111011111110111111111111111
0000000000000000000000110111111100000111011111111111111111111111
0000000000000000000000110111111100000111111111111111111111111111
0000000000000000000000110111111100001111111111111111111111111111
0000000000000000000000110111111100010111011111110111111111111111
0000000000000000000000110111111100010111011111111111111111111111
0000000000000000000000110111111100010111111111111111111111111111
0000000000000000000000110111111100011111111111111111111111111111
0000000000000000000000110111111100111111111111111111111111111111
0000000000000000000000110111111101111111111111111111111111111111
0000000000000000000000110111111111111111111111111111111111111111
0000000000000000000000111111111100000011111111111111111111111111
0000000000000000000000111111111100000111111111111111111111111111
0000000000000000000000111111111100001111111111111111111111111111
0000000000000000000000111111111100010111111111111111111111111111
0000000000000000000000111111111100011111111111111111111111111111
0000000000000000000000111111111100111111111111111111111111111111
0000000000000000000000111111111101111111111111111111111111111111
0000000000000000000000111111111111111111111111111111111111111111
0000000000000000000001110111111100000111011111110111111111111111
0000000000000000000001110111111100000111011111111111111111111111
0000000000000000000001110111111100000111111111111111111111111111
0000000000000000000001110111111100001111111111111111111111111111
0000000000000000000001110111111100010111011111110111111111111111
0000000000000000000001110111111100010111011111111111111111111111
0000000000000000000001110111111100010111111111111111111111111111
0000000000000000000001110111111100011111111111111111111111111111
0000000000000000000001110111111100111111111111111111111111111111
0000000000000000000001110111111101111111111111111111111111111111
0000000000000000000001110111111111111111111111111111111111111111
0000000000000000000001111111111100000111111111111111111111111111
0000000000000000000001111111111100001111111111111111111111111111
0000000000000000000001111111111100010111111111111111111111111111
0000000000000000000001111111111100011111111111111111111111111111
0000000000000000000001111111111100111111111111111111111111111111
0000000000000000000001111111111101111111111111111111111111111111
0000000000000000000001111111111111111111111111111111111111111111
0000000000000000000011111111111100001111111111111111111111111111
0000000000000000000011111111111100011111111111111111111111111111
0000000000000000000011111111111100111111111111111111111111111111
0000000000000000000011111111111101111111111111111111111111111111
0000000000000000000011111111111111111111111111111111111111111111
0000000000000000000101110111111100010111011111110111111111111111
0000000000000000000101110111111100010111011111111111111111111111
0000000000000000000101110111111100010111111111111111111111111111
0000000000000000000101110111111100011111111111111111111111111111
0000000000000000000101110111111100111111111111111111111111111111
0000000000000000000101110111111101111111111111111111111111111111
0000000000000000000101110111111111111111111111111111111111111111
0000000000000000000101111111111100010111111111111111111111111111
0000000000000000000101111111111100011111111111111111111111111111
0000000000000000000101111111111100111111111111111111111111111111
0000000000000000000101111111111101111111111111111111111111111111
0000000000000000000101111111111111111111111111111111111111111111
0000000000000000000111111111111100011111111111111111111111111111
0000000000000000000111111111111100111111111111111111111111111111
0000000000000000000111111111111101111111111111111111111111111111
0000000000000000000111111111111111111111111111111111111111111111
0000000000000000001111111111111100111111111111111111111111111111
0000000000000000001111111111111101111111111111111111111111111111
0000000000000000001111111111111111111111111111111111111111111111
0000000000000000011111111111111101111111111111111111111111111111
0000000000000000011111111111111111111111111111111111111111111111
0000000000000000111111111111111111111111111111111111111111111111
0000000000000001000000010001011100000001000101110001011101111111
0000000000000001000000010001011100000001000101110001011111111111
0000000000000001000000010001011100000001000101110001111111111111
0000000000000001000000010001011100000001000101110011111111111111
0000000000000001000000010001011100000001000101110111111111111111
0000000000000001000000010001011100000001000101111111111111111111
0000000000000001000000010001011100000001000111110001111111111111
0000000000000001000000010001011100000001000111110011111111111111
0000000000000001000000010001011100000001000111110111111111111111
0000000000000001000000010001011100000001000111111111111111111111
0000000000000001000000010001011100000001001111110011111111111111
0000000000000001000000010001011100000001001111110111111111111111
0000000000000001000000010001011100000001001111111111111111111111
0000000000000001000000010001011100000001011111110111111111111111
0000000000000001000000010001011100000001011111111111111111111111
0000000000000001000000010001011100000001111111111111111111111111
0000000000000001000000010001011100000011001111110011111111111111
0000000000000001000000010001011100000011001111110111111111111111
0000000000000001000000010001011100000011001111111111111111111111
0000000000000001000000010001011100000011011111110111111111111111
0000000000000001000000010001011100000011011111111111111111111111
0000000000000001000000010001011100000011111111111111111111111111
0000000000000001000000010001011100000111011111110111111111111111
0000000000000001000000010001011100000111011111111111111111111111
0000000000000001000000010001011100000111111111111111111111111111
0000000000000001000000010001011100001111111111111111111111111111
0000000000000001000000010001011100010111011111110111111111111111
0000000000000001000000010001011100010111011111111111111111111111
0000000000000001000000010001011100010111111111111111111111111111
0000000000000001000000010001011100011111111111111111111111111111
0000000000000001000000010001011100111111111111111111111111111111
0000000000000001000000010001011101111111111111111111111111111111
0000000000000001000000010001011111111111111111111111111111111111
0000000000000001000000010001111100000001000111110001111111111111
0000000000000001000000010001111100000001000111110011111111111111
0000000000000001000000010001111100000001000111110111111111111111
0000000000000001000000010001111100000001000111111111111111111111
0000000000000001000000010001111100000001001111110011111111111111
0000000000000001000000010001111100000001001111110111111111111111
0000000000000001000000010001111100000001001111111111111111111111
0000000000000001000000010001111100000001011111110111111111111111
0000000000000001000000010001111100000001011111111111111111111111
0000000000000001000000010001111100000001111111111111111111111111
0000000000000001000000010001111100000011001111110011111111111111
0000000000000001000000010001111100000011001111110111111111111111
0000000000000001000000010001111100000011001111111111111111111111
0000000000000001000000010001111100000011011111110111111111111111
0000000000000001000000010001111100000011011111111111111111111111
0000000000000001000000010001111100000011111111111111111111111111
0000000000000001000000010001111100000111011111110111111111111111
0000000000000001000000010001111100000111011111111111111111111111
0000000000000001000000010001111100000111111111111111111111111111
0000000000000001000000010001111100001111111111111111111111111111
0000000000000001000000010001111100010111011111110111111111111111
0000000000000001000000010001111100010111011111111111111111111111
0000000000000001000000010001111100010111111111111111111111111111
0000000000000001000000010001111100011111111111111111111111111111
0000000000000001000000010001111100111111111111111111111111111111
0000000000000001000000010001111101111111111111111111111111111111
0000000000000001000000010001111111111111111111111111111111111111
0000000000000001000000010011111100000001001111110011111111111111
0000000000000001000000010011111100000001001111110111111111111111
0000000000000001000000010011111100000001001111111111111111111111
0000000000000001000000010011111100000001011111110111111111111111
0000000000000001000000010011111100000001011111111111111111111111
0000000000000001000000010011111100000001111111111111111111111111
0000000000000001000000010011111100000011001111110011111111111111
0000000000000001000000010011111100000011001111110111111111111111
0000000000000001000000010011111100000011001111111111111111111111
0000000000000001000000010011111100000011011111110111111111111111
0000000000000001000000010011111100000011011111111111111111111111
0000000000000001000000010011111100000011111111111111111111111111
0000000000000001000000010011111100000111011111110111111111111111
0000000000000001000000010011111100000111011111111111111111111111
0000000000000001000000010011111100000111111111111111111111111111
0000000000000001000000010011111100001111111111111111111111111111
0000000000000001000000010011111100010111011111110111111111111111
0000000000000001000000010011111100010111011111111111111111111111
0000000000000001000000010011111100010111111111111111111111111111
0000000000000001000000010011111100011111111111111111111111111111
0000000000000001000000010011111100111111111111111111111111111111
0000000000000001000000010011111101111111111111111111111111111111
0000000000000001000000010011111111111111111111111111111111111111
0000000000000001000000010111111100000001011111110111111111111111
0000000000000001000000010111111100000001011111111111111111111111
0000000000000001000000010111111100000001111111111111111111111111
0000000000000001000000010111111100000011011111110111111111111111
0000000000000001000000010111111100000011011111111111111111111111
0000000000000001000000010111111100000011111111111111111111111111
0000000000000001000000010111111100000111011111110111111111111111
0000000000000001000000010111111100000111011111111111111111111111
0000000000000001000000010111111100000111111111111111111111111111
0000000000000001000000010111111100001111111111111111111111111111
0000000000000001000000010111111100010111011111110111111111111111
0000000000000001000000010111111100010111011111111111111111111111
0000000000000001000000010111111100010111111111111111111111111111
0000000000000001000000010111111100011111111111111111111111111111
0000000000000001000000010111111100111111111111111111111111111111
0000000000000001000000010111111101111111111111111111111111111111
0000000000000001000000010111111111111111111111111111111111111111
0000000000000001000000011111111100000001111111111111111111111111
0000000000000001000000011111111100000011111111111111111111111111
0000000000000001000000011111111100000111111111111111111111111111
0000000000000001000000011111111100001111111111111111111111111111
0000000000000001000000011111111100010111111111111111111111111111
0000000000000001000000011111111100011111111111111111111111111111
0000000000000001000000011111111100111111111111111111111111111111
0000000000000001000000011111111101111111111111111111111111111111
0000000000000001000000011111111111111111111111111111111111111111
0000000000000001000000110011111100000011001111110011111111111111
0000000000000001000000110011111100000011001111110111111111111111
0000000000000001000000110011111100000011001111111111111111111111
0000000000000001000000110011111100000011011111110111111111111111
0000000000000001000000110011111100000011011111111111111111111111
0000000000000001000000110011111100000011111111111111111111111111
0000000000000001000000110011111100000111011111110111111111111111
0000000000000001000000110011111100000111011111111111111111111111
0000000000000001000000110011111100000111111111111111111111111111
0000000000000001000000110011111100001111111111111111111111111111
0000000000000001000000110011111100010111011111110111111111111111
0000000000000001000000110011111100010111011111111111111111111111
0000000000000001000000110011111100010111111111111111111111111111
0000000000000001000000110011111100011111111111111111111111111111
0000000000000001000000110011111100111111111111111111111111111111
0000000000000001000000110011111101111111111111111111111111111111
0000000000000001000000110011111111111111111111111111111111111111
0000000000000001000000110111111100000011011111110111111111111111
0000000000000001000000110111111100000011011111111111111111111111
0000000000000001000000110111111100000011111111111111111111111111
0000000000000001000000110111111100000111011111110111111111111111
0000000000000001000000110111111100000111011111111111111111111111
0000000000000001000000110111111100000111111111111111111111111111
0000000000000001000000110111111100001111111111111111111111111111
0000000000000001000000110111111100010111011111110111111111111111
0000000000000001000000110111111100010111011111111111111111111111
0000000000000001000000110111111100010111111111111111111111111111
0000000000000001000000110111111100011111111111111111111111111111
0000000000000001000000110111111100111111111111111111111111111111
0000000000000001000000110111111101111111111111111111111111111111
0000000000000001000000110111111111111111111111111111111111111111
0000000000000001000000111111111100000011111111111111111111111111
0000000000000001000000111111111100000111111111111111111111111111
0000000000000001000000111111111100001111111111111111111111111111
0000000000000001000000111111111100010111111111111111111111111111
0000000000000001000000111111111100011111111111111111111111111111
0000000000000001000000111111111100111111111111111111111111111111
0000000000000001000000111111111101111111111111111111111111111111
0000000000000001000000111111111111111111111111111111111111111111
0000000000000001000001110111111100000111011111110111111111111111
0000000000000001000001110111111100000111011111111111111111111111
0000000000000001000001110111111100000111111111111111111111111111
0000000000000001000001110111111100001111111111111111111111111111
0000000000000001000001110111111100010111011111110111111111111111
0000000000000001000001110111111100010111011111111111111111111111
0000000000000001000001110111111100010111111111111111111111111111
0000000000000001000001110111111100011111111111111111111111111111
0000000000000001000001110111111100111111111111111111111111111111
0000000000000001000001110111111101111111111111111111111111111111
0000000000000001000001110111111111111111111111111111111111111111
0000000000000001000001111111111100000111111111111111111111111111
0000000000000001000001111111111100001111111111111111111111111111
0000000000000001000001111111111100010111111111111111111111111111
0000000000000001000001111111111100011111111111111111111111111111
0000000000000001000001111111111100111111111111111111111111111111
0000000000000001000001111111111101111111111111111111111111111111
0000000000000001000001111111111111111111111111111111111111111111
0000000000000001000011111111111100001111111111111111111111111111
0000000000000001000011111111111100011111111111111111111111111111
0000000000000001000011111111111100111111111111111111111111111111
0000000000000001000011111111111101111111111111111111111111111111
0000000000000001000011111111111111111111111111111111111111111111
0000000000000001000101110111111100010111011111110111111111111111
0000000000000001000101110111111100010111011111111111111111111111
0000000000000001000101110111111100010111111111111111111111111111
0000000000000001000101110111111100011111111111111111111111111111
0000000000000001000101110111111100111111111111111111111111111111
0000000000000001000101110111111101111111111111111111111111111111
0000000000000001000101110111111111111111111111111111111111111111
0000000000000001000101111111111100010111111111111111111111111111
0000000000000001000101111111111100011111111111111111111111111111
0000000000000001000101111111111100111111111111111111111111111111
0000000000000001000101111111111101111111111111111111111111111111
0000000000000001000101111111111111111111111111111111111111111111
0000000000000001000111111111111100011111111111111111111111111111
0000000000000001000111111111111100111111111111111111111111111111
0000000000000001000111111111111101111111111111111111111111111111
0000000000000001000111111111111111111111111111111111111111111111
0000000000000001001111111111111100111111111111111111111111111111
0000000000000001001111111111111101111111111111111111111111111111
0000000000000001001111111111111111111111111111111111111111111111
0000000000000001011111111111111101111111111111111111111111111111
0000000000000001011111111111111111111111111111111111111111111111
0000000000000001111111111111111111111111111111111111111111111111
0000000000000011000000110011111100000011001111110011111111111111
0000000000000011000000110011111100000011001111110111111111111111
0000000000000011000000110011111100000011001111111111111111111111
0000000000000011000000110011111100000011011111110111111111111111
0000000000000011000000110011111100000011011111111111111111111111
0000000000000011000000110011111100000011111111111111111111111111
0000000000000011000000110011111100000111011111110111111111111111
0000000000000011000000110011111100000111011111111111111111111111
0000000000000011000000110011111100000111111111111111111111111111
0000000000000011000000110011111100001111111111111111111111111111
0000000000000011000000110011111100010111011111110111111111111111
0000000000000011000000110011111100010111011111111111111111111111
0000000000000011000000110011111100010111111111111111111111111111
0000000000000011000000110011111100011111111111111111111111111111
0000000000000011000000110011111100111111111111111111111111111111
0000000000000011000000110011111101111111111111111111111111111111
0000000000000011000000110011111111111111111111111111111111111111
0000000000000011000000110111111100000011011111110111111111111111
0000000000000011000000110111111100000011011111111111111111111111
0000000000000011000000110111111100000011111111111111111111111111
0000000000000011000000110111111100000111011111110111111111111111
0000000000000011000000110111111100000111011111111111111111111111
0000000000000011000000110111111100000111111111111111111111111111
0000000000000011000000110111111100001111111111111111111111111111
0000000000000011000000110111111100010111011111110111111111111111
0000000000000011000000110111111100010111011111111111111111111111
0000000000000011000000110111111100010111111111111111111111111111
0000000000000011000000110111111100011111111111111111111111111111
0000000000000011000000110111111100111111111111111111111111111111
0000000000000011000000110111111101111111111111111111111111111111
0000000000000011000000110111111111111111111111111111111111111111
0000000000000011000000111111111100000011111111111111111111111111
0000000000000011000000111111111100000111111111111111111111111111
0000000000000011000000111111111100001111111111111111111111111111
0000000000000011000000111111111100010111111111111111111111111111
0000000000000011000000111111111100011111111111111111111111111111
0000000000000011000000111111111100111111111111111111111111111111
0000000000000011000000111111111101111111111111111111111111111111
0000000000000011000000111111111111111111111111111111111111111111
0000000000000011000001110111111100000111011111110111111111111111
0000000000000011000001110111111100000111011111111111111111111111
0000000000000011000001110111111100000111111111111111111111111111
0000000000000011000001110111111100001111111111111111111111111111
0000000000000011000001110111111100010111011111110111111111111111
0000000000000011000001110111111100010111011111111111111111111111
0000000000000011000001110111111100010111111111111111111111111111
0000000000000011000001110111111100011111111111111111111111111111
0000000000000011000001110111111100111111111111111111111111111111
0000000000000011000001110111111101111111111111111111111111111111
0000000000000011000001110111111111111111111111111111111111111111
0000000000000011000001111111111100000111111111111111111111111111
0000000000000011000001111111111100001111111111111111111111111111
0000000000000011000001111111111100010111111111111111111111111111
0000000000000011000001111111111100011111111111111111111111111111
0000000000000011000001111111111100111111111111111111111111111111
0000000000000011000001111111111101111111111111111111111111111111
0000000000000011000001111111111111111111111111111111111111111111
0000000000000011000011111111111100001111111111111111111111111111
0000000000000011000011111111111100011111111111111111111111111111
0000000000000011000011111111111100111111111111111111111111111111
0000000000000011000011111111111101111111111111111111111111111111
0000000000000011000011111111111111111111111111111111111111111111
0000000000000011000101110111111100010111011111110111111111111111
0000000000000011000101110111111100010111011111111111111111111111
0000000000000011000101110111111100010111111111111111111111111111
0000000000000011000101110111111100011111111111111111111111111111
0000000000000011000101110111111100111111111111111111111111111111
0000000000000011000101110111111101111111111111111111111111111111
0000000000000011000101110111111111111111111111111111111111111111
0000000000000011000101111111111100010111111111111111111111111111
0000000000000011000101111111111100011111111111111111111111111111
0000000000000011000101111111111100111111111111111111111111111111
0000000000000011000101111111111101111111111111111111111111111111
0000000000000011000101111111111111111111111111111111111111111111
0000000000000011000111111111111100011111111111111111111111111111
0000000000000011000111111111111100111111111111111111111111111111
0000000000000011000111111111111101111111111111111111111111111111
0000000000000011000111111111111111111111111111111111111111111111
0000000000000011001111111111111100111111111111111111111111111111
0000000000000011001111111111111101111111111111111111111111111111
0000000000000011001111111111111111111111111111111111111111111111
0000000000000011011111111111111101111111111111111111111111111111
0000000000000011011111111111111111111111111111111111111111111111
0000000000000011111111111111111111111111111111111111111111111111
0000000000000111000001110111111100000111011111110111111111111111
0000000000000111000001110111111100000111011111111111111111111111
0000000000000111000001110111111100000111111111111111111111111111
0000000000000111000001110111111100001111111111111111111111111111
0000000000000111000001110111111100010111011111110111111111111111
0000000000000111000001110111111100010111011111111111111111111111
0000000000000111000001110111111100010111111111111111111111111111
0000000000000111000001110111111100011111111111111111111111111111
0000000000000111000001110111111100111111111111111111111111111111
0000000000000111000001110111111101111111111111111111111111111111
0000000000000111000001110111111111111111111111111111111111111111
0000000000000111000001111111111100000111111111111111111111111111
0000000000000111000001111111111100001111111111111111111111111111
0000000000000111000001111111111100010111111111111111111111111111
0000000000000111000001111111111100011111111111111111111111111111
0000000000000111000001111111111100111111111111111111111111111111
0000000000000111000001111111111101111111111111111111111111111111
0000000000000111000001111111111111111111111111111111111111111111
0000000000000111000011111111111100001111111111111111111111111111
0000000000000111000011111111111100011111111111111111111111111111
0000000000000111000011111111111100111111111111111111111111111111
0000000000000111000011111111111101111111111111111111111111111111
0000000000000111000011111111111111111111111111111111111111111111
0000000000000111000101110111111100010111011111110111111111111111
0000000000000111000101110111111100010111011111111111111111111111
0000000000000111000101110111111100010111111111111111111111111111
0000000000000111000101110111111100011111111111111111111111111111
0000000000000111000101110111111100111111111111111111111111111111
0000000000000111000101110111111101111111111111111111111111111111
0000000000000111000101110111111111111111111111111111111111111111
0000000000000111000101111111111100010111111111111111111111111111
0000000000000111000101111111111100011111111111111111111111111111
0000000000000111000101111111111100111111111111111111111111111111
0000000000000111000101111111111101111111111111111111111111111111
0000000000000111000101111111111111111111111111111111111111111111
0000000000000111000111111111111100011111111111111111111111111111
0000000000000111000111111111111100111111111111111111111111111111
0000000000000111000111111111111101111111111111111111111111111111
0000000000000111000111111111111111111111111111111111111111111111
0000000000000111001111111111111100111111111111111111111111111111
0000000000000111001111111111111101111111111111111111111111111111
0000000000000111001111111111111111111111111111111111111111111111
0000000000000111011111111111111101111111111111111111111111111111
0000000000000111011111111111111111111111111111111111111111111111
0000000000000111111111111111111111111111111111111111111111111111
0000000000001111000011111111111100001111111111111111111111111111
0000000000001111000011111111111100011111111111111111111111111111
0000000000001111000011111111111100111111111111111111111111111111
0000000000001111000011111111111101111111111111111111111111111111
0000000000001111000011111111111111111111111111111111111111111111
0000000000001111000111111111111100011111111111111111111111111111
0000000000001111000111111111111100111111111111111111111111111111
0000000000001111000111111111111101111111111111111111111111111111
0000000000001111000111111111111111111111111111111111111111111111
0000000000001111001111111111111100111111111111111111111111111111
0000000000001111001111111111111101111111111111111111111111111111
0000000000001111001111111111111111111111111111111111111111111111
0000000000001111011111111111111101111111111111111111111111111111
0000000000001111011111111111111111111111111111111111111111111111
0000000000001111111111111111111111111111111111111111111111111111
0000000000010111000101110111111100010111011111110111111111111111
0000000000010111000101110111111100010111011111111111111111111111
0000000000010111000101110111111100010111111111111111111111111111
0000000000010111000101110111111100011111111111111111111111111111
0000000000010111000101110111111100111111111111111111111111111111
0000000000010111000101110111111101111111111111111111111111111111
0000000000010111000101110111111111111111111111111111111111111111
0000000000010111000101111111111100010111111111111111111111111111
0000000000010111000101111111111100011111111111111111111111111111
0000000000010111000101111111111100111111111111111111111111111111
0000000000010111000101111111111101111111111111111111111111111111
0000000000010111000101111111111111111111111111111111111111111111
0000000000010111000111111111111100011111111111111111111111111111
0000000000010111000111111111111100111111111111111111111111111111
0000000000010111000111111111111101111111111111111111111111111111
0000000000010111000111111111111111111111111111111111111111111111
0000000000010111001111111111111100111111111111111111111111111111
0000000000010111001111111111111101111111111111111111111111111111
0000000000010111001111111111111111111111111111111111111111111111
0000000000010111011111111111111101111111111111111111111111111111
0000000000010111011111111111111111111111111111111111111111111111
0000000000010111111111111111111111111111111111111111111111111111
0000000000011111000111111111111100011111111111111111111111111111
0000000000011111000111111111111100111111111111111111111111111111
0000000000011111000111111111111101111111111111111111111111111111
0000000000011111000111111111111111111111111111111111111111111111
0000000000011111001111111111111100111111111111111111111111111111
0000000000011111001111111111111101111111111111111111111111111111
0000000000011111001111111111111111111111111111111111111111111111
0000000000011111011111111111111101111111111111111111111111111111
0000000000011111011111111111111111111111111111111111111111111111
0000000000011111111111111111111111111111111111111111111111111111
0000000000111111001111111111111100111111111111111111111111111111
0000000000111111001111111111111101111111111111111111111111111111
0000000000111111001111111111111111111111111111111111111111111111
0000000000111111011111111111111101111111111111111111111111111111
0000000000111111011111111111111111111111111111111111111111111111
0000000000111111111111111111111111111111111111111111111111111111
0000000001111111011111111111111101111111111111111111111111111111
0000000001111111011111111111111111111111111111111111111111111111
0000000001111111111111111111111111111111111111111111111111111111
0000000011111111111111111111111111111111111111111111111111111111
0000000100010111000101110111111100010111011111110111111111111111
0000000100010111000101110111111100010111011111111111111111111111
0000000100010111000101110111111100010111111111111111111111111111
0000000100010111000101110111111100011111111111111111111111111111
0000000100010111000101110111111100111111111111111111111111111111
0000000100010111000101110111111101111111111111111111111111111111
0000000100010111000101110111111111111111111111111111111111111111
0000000100010111000101111111111100010111111111111111111111111111
0000000100010111000101111111111100011111111111111111111111111111
0000000100010111000101111111111100111111111111111111111111111111
0000000100010111000101111111111101111111111111111111111111111111
0000000100010111000101111111111111111111111111111111111111111111
0000000100010111000111111111111100011111111111111111111111111111
0000000100010111000111111111111100111111111111111111111111111111
0000000100010111000111111111111101111111111111111111111111111111
0000000100010111000111111111111111111111111111111111111111111111
0000000100010111001111111111111100111111111111111111111111111111
0000000100010111001111111111111101111111111111111111111111111111
0000000100010111001111111111111111111111111111111111111111111111
0000000100010111011111111111111101111111111111111111111111111111
0000000100010111011111111111111111111111111111111111111111111111
0000000100010111111111111111111111111111111111111111111111111111
0000000100011111000111111111111100011111111111111111111111111111
0000000100011111000111111111111100111111111111111111111111111111
0000000100011111000111111111111101111111111111111111111111111111
0000000100011111000111111111111111111111111111111111111111111111
0000000100011111001111111111111100111111111111111111111111111111
0000000100011111001111111111111101111111111111111111111111111111
0000000100011111001111111111111111111111111111111111111111111111
0000000100011111011111111111111101111111111111111111111111111111
0000000100011111011111111111111111111111111111111111111111111111
0000000100011111111111111111111111111111111111111111111111111111
0000000100111111001111111111111100111111111111111111111111111111
0000000100111111001111111111111101111111111111111111111111111111
0000000100111111001111111111111111111111111111111111111111111111
0000000100111111011111111111111101111111111111111111111111111111
0000000100111111011111111111111111111111111111111111111111111111
0000000100111111111111111111111111111111111111111111111111111111
0000000101111111011111111111111101111111111111111111111111111111
0000000101111111011111111111111111111111111111111111111111111111
0000000101111111111111111111111111111111111111111111111111111111
0000000111111111111111111111111111111111111111111111111111111111
0000001100111111001111111111111100111111111111111111111111111111
0000001100111111001111111111111101111111111111111111111111111111
0000001100111111001111111111111111111111111111111111111111111111
0000001100111111011111111111111101111111111111111111111111111111
0000001100111111011111111111111111111111111111111111111111111111
0000001100111111111111111111111111111111111111111111111111111111
0000001101111111011111111111111101111111111111111111111111111111
0000001101111111011111111111111111111111111111111111111111111111
0000001101111111111111111111111111111111111111111111111111111111
0000001111111111111111111111111111111111111111111111111111111111
0000011101111111011111111111111101111111111111111111111111111111
0000011101111111011111111111111111111111111111111111111111111111
0000011101111111111111111111111111111111111111111111111111111111
0000011111111111111111111111111111111111111111111111111111111111
0000111111111111111111111111111111111111111111111111111111111111
0001011101111111011111111111111101111111111111111111111111111111
0001011101111111011111111111111111111111111111111111111111111111
0001011101111111111111111111111111111111111111111111111111111111
0001011111111111111111111111111111111111111111111111111111111111
0001111111111111111111111111111111111111111111111111111111111111
0011111111111111111111111111111111111111111111111111111111111111
0111111111111111111111111111111111111111111111111111111111111111
1111111111111111111111111111111111111111111111111111111111111111
