00000000000000000000000000000000
00000000000000000000000000000001
00000000000000000000000000000011
00000000000000000000000000000111
00000000000000000000000000001111
00000000000000000000000000010111
00000000000000000000000000011111
00000000000000000000000000111111
00000000000000000000000001111111
00000000000000000000000011111111
00000000000000000000000100010111
00000000000000000000000100011111
00000000000000000000000100111111
00000000000000000000000101111111
00000000000000000000000111111111
00000000000000000000001100111111
00000000000000000000001101111111
00000000000000000000001111111111
00000000000000000000011101111111
00000000000000000000011111111111
00000000000000000000111111111111
00000000000000000001011101111111
00000000000000000001011111111111
00000000000000000001111111111111
00000000000000000011111111111111
00000000000000000111111111111111
00000000000000001111111111111111
00000000000000010000000100010111
00000000000000010000000100011111
00000000000000010000000100111111
00000000000000010000000101111111
00000000000000010000000111111111
00000000000000010000001100111111
00000000000000010000001101111111
00000000000000010000001111111111
00000000000000010000011101111111
00000000000000010000011111111111
00000000000000010000111111111111
00000000000000010001011101111111
00000000000000010001011111111111
00000000000000010001111111111111
00000000000000010011111111111111
00000000000000010111111111111111
00000000000000011111111111111111
00000000000000110000001100111111
00000000000000110000001101111111
00000000000000110000001111111111
00000000000000110000011101111111
00000000000000110000011111111111
00000000000000110000111111111111
00000000000000110001011101111111
00000000000000110001011111111111
00000000000000110001111111111111
00000000000000110011111111111111
00000000000000110111111111111111
00000000000000111111111111111111
00000000000001110000011101111111
00000000000001110000011111111111
00000000000001110000111111111111
00000000000001110001011101111111
00000000000001110001011111111111
00000000000001110001111111111111
00000000000001110011111111111111
00000000000001110111111111111111
00000000000001111111111111111111
00000000000011110000111111111111
00000000000011110001111111111111
00000000000011110011111111111111
00000000000011110111111111111111
00000000000011111111111111111111
00000000000101110001011101111111
00000000000101110001011111111111
00000000000101110001111111111111
00000000000101110011111111111111
00000000000101110111111111111111
00000000000101111111111111111111
00000000000111110001111111111111
00000000000111110011111111111111
00000000000111110111111111111111
00000000000111111111111111111111
00000000001111110011111111111111
00000000001111110111111111111111
00000000001111111111111111111111
00000000011111110111111111111111
00000000011111111111111111111111
00000000111111111111111111111111
00000001000101110001011101111111
00000001000101110001011111111111
00000001000101110001111111111111
00000001000101110011111111111111
00000001000101110111111111111111
00000001000101111111111111111111
00000001000111110001111111111111
00000001000111110011111111111111
00000001000111110111111111111111
00000001000111111111111111111111
00000001001111110011111111111111
00000001001111110111111111111111
00000001001111111111111111111111
00000001011111110111111111111111
00000001011111111111111111111111
00000001111111111111111111111111
00000011001111110011111111111111
00000011001111110111111111111111
00000011001111111111111111111111
00000011011111110111111111111111
00000011011111111111111111111111
00000011111111111111111111111111
00000111011111110111111111111111
00000111011111111111111111111111
00000111111111111111111111111111
00001111111111111111111111111111
00010111011111110111111111111111
00010111011111111111111111111111
00010111111111111111111111111111
00011111111111111111111111111111
00111111111111111111111111111111
01111111111111111111111111111111
11111111111111111111111111111111
