11110
11101
11011,11100
11011
10111,11100
10111,11010
10111,11001
10111,11000
10111
01111,11100
01111,11010
01111,10110,11001
01111,10110,11000
01111,10110
01111,11001
01111,10101,11000
01111,10101
01111,10011,11000
01111,10011,10100
01111,10011
01111,11000
01111,10100
01111,10010
01111,10001
01111,10000
11100
11010
10110,11001
10110,11000
10110
01110,11001
01110,10101,11000
01110,10101
01110,10011,11000
01110,10011,10100
01110,10011
01110,11000
01110,10100
01110,10010
01110,10001
01110,10000
11001
10101,11000
10101
01101,10011,11000
01101,10011,10100
01101,10011
01101,11000
01101,10100
01101,10010
01101,10001
01101,10000
10011,11000
10011,10100
01100,10011
01011,11000
01011,10100
01011,01100,10010
01011,01100,10001
01011,01100,10000
10011
01011,10010
01011,10001
01011,10000
00111,11000
00111,10100
00111,01100,10010
00111,01100,10001
00111,01100,10000
00111,10010
00111,01010,10001
00111,01010,10000
00111,10001
00111,01001,10000
00111,10000
11000
10100
01100,10010
01100,10001
01100,10000
10010
01010,10001
01010,10000
00110,10001
00110,01001,10000
00110,10000
10001
01001,10000
00101,10000
00011,10000
10000
