111111
111110
111101
111100
111011
111011,111100
111010
111001
111000
110111
110111,111100
110111,111010
110111,111001
110111,111000
110110
110110,111001
110110,111000
110101
110101,111000
110100
110011
110011,111000
110011,110100
110010
110001
110000
101111
101111,111100
101111,111010
101111,111001
101111,111000
101111,110110
101111,110110,111001
101111,110110,111000
101111,110101
101111,110101,111000
101111,110100
101111,110011
101111,110011,111000
101111,110011,110100
101111,110010
101111,110001
101111,110000
101110
101110,111001
101110,111000
101110,110101
101110,110101,111000
101110,110100
101110,110011
101110,110011,111000
101110,110011,110100
101110,110010
101110,110001
101110,110000
101101
101101,111000
101101,110100
101101,110011
101101,110011,111000
101101,110011,110100
101101,110010
101101,110001
101101,110000
101100
101100,110011
101100,110010
101100,110001
101100,110000
101011
101011,111000
101011,110100
101011,110010
101011,110001
101011,110000
101011,101100
101011,101100,110010
101011,101100,110001
101011,101100,110000
101010
101010,110001
101010,110000
101001
101001,110000
101000
100111
100111,111000
100111,110100
100111,110010
100111,110001
100111,110000
100111,101100
100111,101100,110010
100111,101100,110001
100111,101100,110000
100111,101010
100111,101010,110001
100111,101010,110000
100111,101001
100111,101001,110000
100111,101000
100110
100110,110001
100110,110000
100110,101001
100110,101001,110000
100110,101000
100101
100101,110000
100101,101000
100100
100011
100011,110000
100011,101000
100011,100100
100010
100001
011111
011111,111100
011111,111010
011111,111001
011111,111000
011111,110110
011111,110110,111001
011111,110110,111000
011111,110101
011111,110101,111000
011111,110100
011111,110011
011111,110011,111000
011111,110011,110100
011111,110010
011111,110001
011111,110000
011111,101110
011111,101110,111001
011111,101110,111000
011111,101110,110101
011111,101110,110101,111000
011111,101110,110100
011111,101110,110011
011111,101110,110011,111000
011111,101110,110011,110100
011111,101110,110010
011111,101110,110001
011111,101110,110000
011111,101101
011111,101101,111000
011111,101101,110100
011111,101101,110011
011111,101101,110011,111000
011111,101101,110011,110100
011111,101101,110010
011111,101101,110001
011111,101101,110000
011111,101100
011111,101100,110011
011111,101100,110010
011111,101100,110001
011111,101100,110000
011111,101011
011111,101011,111000
011111,101011,110100
011111,101011,110010
011111,101011,110001
011111,101011,110000
011111,101011,101100
011111,101011,101100,110010
011111,101011,101100,110001
011111,101011,101100,110000
011111,101010
011111,101010,110001
011111,101010,110000
011111,101001
011111,101001,110000
011111,101000
011111,100111
011111,100111,111000
011111,100111,110100
011111,100111,110010
011111,100111,110001
011111,100111,110000
011111,100111,101100
011111,100111,101100,110010
011111,100111,101100,110001
011111,100111,101100,110000
011111,100111,101010
011111,100111,101010,110001
011111,100111,101010,110000
011111,100111,101001
011111,100111,101001,110000
011111,100111,101000
011111,100110
011111,100110,110001
011111,100110,110000
011111,100110,101001
011111,100110,101001,110000
011111,100110,101000
011111,100101
011111,100101,110000
011111,100101,101000
011111,100100
011111,100011
011111,100011,110000
011111,100011,101000
011111,100011,100100
011111,100010
011111,100001
011110
011110,111001
011110,111000
011110,110101
011110,110101,111000
011110,110100
011110,110011
011110,110011,111000
011110,110011,110100
011110,110010
011110,110001
011110,110000
011110,101101
011110,101101,111000
011110,101101,110100
011110,101101,110011
011110,101101,110011,111000
011110,101101,110011,110100
011110,101101,110010
011110,101101,110001
011110,101101,110000
011110,101100
011110,101100,110011
011110,101100,110010
011110,101100,110001
011110,101100,110000
011110,101011
011110,101011,111000
011110,101011,110100
011110,101011,110010
011110,101011,110001
011110,101011,110000
011110,101011,101100
011110,101011,101100,110010
011110,101011,101100,110001
011110,101011,101100,110000
011110,101010
011110,101010,110001
011110,101010,110000
011110,101001
011110,101001,110000
011110,101000
011110,100111
011110,100111,111000
011110,100111,110100
011110,100111,110010
011110,100111,110001
011110,100111,110000
011110,100111,101100
011110,100111,101100,110010
011110,100111,101100,110001
011110,100111,101100,110000
011110,100111,101010
011110,100111,101010,110001
011110,100111,101010,110000
011110,100111,101001
011110,100111,101001,110000
011110,100111,101000
011110,100110
011110,100110,110001
011110,100110,110000
011110,100110,101001
011110,100110,101001,110000
011110,100110,101000
011110,100101
011110,100101,110000
011110,100101,101000
011110,100100
011110,100011
011110,100011,110000
011110,100011,101000
011110,100011,100100
011110,100010
011110,100001
011101
011101,111000
011101,110100
011101,110011
011101,110011,111000
011101,110011,110100
011101,110010
011101,110001
011101,110000
011101,101100
011101,101100,110011
011101,101100,110010
011101,101100,110001
011101,101100,110000
011101,101011
011101,101011,111000
011101,101011,110100
011101,101011,110010
011101,101011,110001
011101,101011,110000
011101,101011,101100
011101,101011,101100,110010
011101,101011,101100,110001
011101,101011,101100,110000
011101,101010
011101,101010,110001
011101,101010,110000
011101,101001
011101,101001,110000
011101,101000
011101,100111
011101,100111,111000
011101,100111,110100
011101,100111,110010
011101,100111,110001
011101,100111,110000
011101,100111,101100
011101,100111,101100,110010
011101,100111,101100,110001
011101,100111,101100,110000
011101,100111,101010
011101,100111,101010,110001
011101,100111,101010,110000
011101,100111,101001
011101,100111,101001,110000
011101,100111,101000
011101,100110
011101,100110,110001
011101,100110,110000
011101,100110,101001
011101,100110,101001,110000
011101,100110,101000
011101,100101
011101,100101,110000
011101,100101,101000
011101,100100
011101,100011
011101,100011,110000
011101,100011,101000
011101,100011,100100
011101,100010
011101,100001
011100
011100,110011
011100,110010
011100,110001
011100,110000
011100,101011
011100,101011,110010
011100,101011,110001
011100,101011,110000
011100,101010
011100,101010,110001
011100,101010,110000
011100,101001
011100,101001,110000
011100,101000
011100,100111
011100,100111,110010
011100,100111,110001
011100,100111,110000
011100,100111,101010
011100,100111,101010,110001
011100,100111,101010,110000
011100,100111,101001
011100,100111,101001,110000
011100,100111,101000
011100,100110
011100,100110,110001
011100,100110,110000
011100,100110,101001
011100,100110,101001,110000
011100,100110,101000
011100,100101
011100,100101,110000
011100,100101,101000
011100,100100
011100,100011
011100,100011,110000
011100,100011,101000
011100,100011,100100
011100,100010
011100,100001
011011
011011,111000
011011,110100
011011,110010
011011,110001
011011,110000
011011,101100
011011,101100,110010
011011,101100,110001
011011,101100,110000
011011,101010
011011,101010,110001
011011,101010,110000
011011,101001
011011,101001,110000
011011,101000
011011,100111
011011,100111,111000
011011,100111,110100
011011,100111,110010
011011,100111,110001
011011,100111,110000
011011,100111,101100
011011,100111,101100,110010
011011,100111,101100,110001
011011,100111,101100,110000
011011,100111,101010
011011,100111,101010,110001
011011,100111,101010,110000
011011,100111,101001
011011,100111,101001,110000
011011,100111,101000
011011,100110
011011,100110,110001
011011,100110,110000
011011,100110,101001
011011,100110,101001,110000
011011,100110,101000
011011,100101
011011,100101,110000
011011,100101,101000
011011,100100
011011,100011
011011,100011,110000
011011,100011,101000
011011,100011,100100
011011,100010
011011,100001
011011,011100
011011,011100,110010
011011,011100,110001
011011,011100,110000
011011,011100,101010
011011,011100,101010,110001
011011,011100,101010,110000
011011,011100,101001
011011,011100,101001,110000
011011,011100,101000
011011,011100,100111
011011,011100,100111,110010
011011,011100,100111,110001
011011,011100,100111,110000
011011,011100,100111,101010
011011,011100,100111,101010,110001
011011,011100,100111,101010,110000
011011,011100,100111,101001
011011,011100,100111,101001,110000
011011,011100,100111,101000
011011,011100,100110
011011,011100,100110,110001
011011,011100,100110,110000
011011,011100,100110,101001
011011,011100,100110,101001,110000
011011,011100,100110,101000
011011,011100,100101
011011,011100,100101,110000
011011,011100,100101,101000
011011,011100,100100
011011,011100,100011
011011,011100,100011,110000
011011,011100,100011,101000
011011,011100,100011,100100
011011,011100,100010
011011,011100,100001
011010
011010,110001
011010,110000
011010,101001
011010,101001,110000
011010,101000
011010,100111
011010,100111,110001
011010,100111,110000
011010,100111,101001
011010,100111,101001,110000
011010,100111,101000
011010,100110
011010,100110,110001
011010,100110,110000
011010,100110,101001
011010,100110,101001,110000
011010,100110,101000
011010,100101
011010,100101,110000
011010,100101,101000
011010,100100
011010,100011
011010,100011,110000
011010,100011,101000
011010,100011,100100
011010,100010
011010,100001
011001
011001,110000
011001,101000
011001,100111
011001,100111,110000
011001,100111,101000
011001,100110
011001,100110,110000
011001,100110,101000
011001,100101
011001,100101,110000
011001,100101,101000
011001,100100
011001,100011
011001,100011,110000
011001,100011,101000
011001,100011,100100
011001,100010
011001,100001
011000
011000,100111
011000,100110
011000,100101
011000,100100
011000,100011
011000,100011,100100
011000,100010
011000,100001
010111
010111,111000
010111,110100
010111,110010
010111,110001
010111,110000
010111,101100
010111,101100,110010
010111,101100,110001
010111,101100,110000
010111,101010
010111,101010,110001
010111,101010,110000
010111,101001
010111,101001,110000
010111,101000
010111,100110
010111,100110,110001
010111,100110,110000
010111,100110,101001
010111,100110,101001,110000
010111,100110,101000
010111,100101
010111,100101,110000
010111,100101,101000
010111,100100
010111,100011
010111,100011,110000
010111,100011,101000
010111,100011,100100
010111,100010
010111,100001
010111,011100
010111,011100,110010
010111,011100,110001
010111,011100,110000
010111,011100,101010
010111,011100,101010,110001
010111,011100,101010,110000
010111,011100,101001
010111,011100,101001,110000
010111,011100,101000
010111,011100,100110
010111,011100,100110,110001
010111,011100,100110,110000
010111,011100,100110,101001
010111,011100,100110,101001,110000
010111,011100,100110,101000
010111,011100,100101
010111,011100,100101,110000
010111,011100,100101,101000
010111,011100,100100
010111,011100,100011
010111,011100,100011,110000
010111,011100,100011,101000
010111,011100,100011,100100
010111,011100,100010
010111,011100,100001
010111,011010
010111,011010,110001
010111,011010,110000
010111,011010,101001
010111,011010,101001,110000
010111,011010,101000
010111,011010,100110
010111,011010,100110,110001
010111,011010,100110,110000
010111,011010,100110,101001
010111,011010,100110,101001,110000
010111,011010,100110,101000
010111,011010,100101
010111,011010,100101,110000
010111,011010,100101,101000
010111,011010,100100
010111,011010,100011
010111,011010,100011,110000
010111,011010,100011,101000
010111,011010,100011,100100
010111,011010,100010
010111,011010,100001
010111,011001
010111,011001,110000
010111,011001,101000
010111,011001,100110
010111,011001,100110,110000
010111,011001,100110,101000
010111,011001,100101
010111,011001,100101,110000
010111,011001,100101,101000
010111,011001,100100
010111,011001,100011
010111,011001,100011,110000
010111,011001,100011,101000
010111,011001,100011,100100
010111,011001,100010
010111,011001,100001
010111,011000
010111,011000,100110
010111,011000,100101
010111,011000,100100
010111,011000,100011
010111,011000,100011,100100
010111,011000,100010
010111,011000,100001
010110
010110,110001
010110,110000
010110,101001
010110,101001,110000
010110,101000
010110,100101
010110,100101,110000
010110,100101,101000
010110,100100
010110,100011
010110,100011,110000
010110,100011,101000
010110,100011,100100
010110,100010
010110,100001
010110,011001
010110,011001,110000
010110,011001,101000
010110,011001,100101
010110,011001,100101,110000
010110,011001,100101,101000
010110,011001,100100
010110,011001,100011
010110,011001,100011,110000
010110,011001,100011,101000
010110,011001,100011,100100
010110,011001,100010
010110,011001,100001
010110,011000
010110,011000,100101
010110,011000,100100
010110,011000,100011
010110,011000,100011,100100
010110,011000,100010
010110,011000,100001
010101
010101,110000
010101,101000
010101,100100
010101,100011
010101,100011,110000
010101,100011,101000
010101,100011,100100
010101,100010
010101,100001
010101,011000
010101,011000,100100
010101,011000,100011
010101,011000,100011,100100
010101,011000,100010
010101,011000,100001
010100
010100,100011
010100,100010
010100,100001
010011
010011,110000
010011,101000
010011,100100
010011,100010
010011,100001
010011,011000
010011,011000,100100
010011,011000,100010
010011,011000,100001
010011,010100
010011,010100,100010
010011,010100,100001
010010
010010,100001
010001
001111
001111,111000
001111,110100
001111,110010
001111,110001
001111,110000
001111,101100
001111,101100,110010
001111,101100,110001
001111,101100,110000
001111,101010
001111,101010,110001
001111,101010,110000
001111,101001
001111,101001,110000
001111,101000
001111,100110
001111,100110,110001
001111,100110,110000
001111,100110,101001
001111,100110,101001,110000
001111,100110,101000
001111,100101
001111,100101,110000
001111,100101,101000
001111,100100
001111,100011
001111,100011,110000
001111,100011,101000
001111,100011,100100
001111,100010
001111,100001
001111,011100
001111,011100,110010
001111,011100,110001
001111,011100,110000
001111,011100,101010
001111,011100,101010,110001
001111,011100,101010,110000
001111,011100,101001
001111,011100,101001,110000
001111,011100,101000
001111,011100,100110
001111,011100,100110,110001
001111,011100,100110,110000
001111,011100,100110,101001
001111,011100,100110,101001,110000
001111,011100,100110,101000
001111,011100,100101
001111,011100,100101,110000
001111,011100,100101,101000
001111,011100,100100
001111,011100,100011
001111,011100,100011,110000
001111,011100,100011,101000
001111,011100,100011,100100
001111,011100,100010
001111,011100,100001
001111,011010
001111,011010,110001
001111,011010,110000
001111,011010,101001
001111,011010,101001,110000
001111,011010,101000
001111,011010,100110
001111,011010,100110,110001
001111,011010,100110,110000
001111,011010,100110,101001
001111,011010,100110,101001,110000
001111,011010,100110,101000
001111,011010,100101
001111,011010,100101,110000
001111,011010,100101,101000
001111,011010,100100
001111,011010,100011
001111,011010,100011,110000
001111,011010,100011,101000
001111,011010,100011,100100
001111,011010,100010
001111,011010,100001
001111,011001
001111,011001,110000
001111,011001,101000
001111,011001,100110
001111,011001,100110,110000
001111,011001,100110,101000
001111,011001,100101
001111,011001,100101,110000
001111,011001,100101,101000
001111,011001,100100
001111,011001,100011
001111,011001,100011,110000
001111,011001,100011,101000
001111,011001,100011,100100
001111,011001,100010
001111,011001,100001
001111,011000
001111,011000,100110
001111,011000,100101
001111,011000,100100
001111,011000,100011
001111,011000,100011,100100
001111,011000,100010
001111,011000,100001
001111,010110
001111,010110,110001
001111,010110,110000
001111,010110,101001
001111,010110,101001,110000
001111,010110,101000
001111,010110,100101
001111,010110,100101,110000
001111,010110,100101,101000
001111,010110,100100
001111,010110,100011
001111,010110,100011,110000
001111,010110,100011,101000
001111,010110,100011,100100
001111,010110,100010
001111,010110,100001
001111,010110,011001
001111,010110,011001,110000
001111,010110,011001,101000
001111,010110,011001,100101
001111,010110,011001,100101,110000
001111,010110,011001,100101,101000
001111,010110,011001,100100
001111,010110,011001,100011
001111,010110,011001,100011,110000
001111,010110,011001,100011,101000
001111,010110,011001,100011,100100
001111,010110,011001,100010
001111,010110,011001,100001
001111,010110,011000
001111,010110,011000,100101
001111,010110,011000,100100
001111,010110,011000,100011
001111,010110,011000,100011,100100
001111,010110,011000,100010
001111,010110,011000,100001
001111,010101
001111,010101,110000
001111,010101,101000
001111,010101,100100
001111,010101,100011
001111,010101,100011,110000
001111,010101,100011,101000
001111,010101,100011,100100
001111,010101,100010
001111,010101,100001
001111,010101,011000
001111,010101,011000,100100
001111,010101,011000,100011
001111,010101,011000,100011,100100
001111,010101,011000,100010
001111,010101,011000,100001
001111,010100
001111,010100,100011
001111,010100,100010
001111,010100,100001
001111,010011
001111,010011,110000
001111,010011,101000
001111,010011,100100
001111,010011,100010
001111,010011,100001
001111,010011,011000
001111,010011,011000,100100
001111,010011,011000,100010
001111,010011,011000,100001
001111,010011,010100
001111,010011,010100,100010
001111,010011,010100,100001
001111,010010
001111,010010,100001
001111,010001
001110
001110,110001
001110,110000
001110,101001
001110,101001,110000
001110,101000
001110,100101
001110,100101,110000
001110,100101,101000
001110,100100
001110,100011
001110,100011,110000
001110,100011,101000
001110,100011,100100
001110,100010
001110,100001
001110,011001
001110,011001,110000
001110,011001,101000
001110,011001,100101
001110,011001,100101,110000
001110,011001,100101,101000
001110,011001,100100
001110,011001,100011
001110,011001,100011,110000
001110,011001,100011,101000
001110,011001,100011,100100
001110,011001,100010
001110,011001,100001
001110,011000
001110,011000,100101
001110,011000,100100
001110,011000,100011
001110,011000,100011,100100
001110,011000,100010
001110,011000,100001
001110,010101
001110,010101,110000
001110,010101,101000
001110,010101,100100
001110,010101,100011
001110,010101,100011,110000
001110,010101,100011,101000
001110,010101,100011,100100
001110,010101,100010
001110,010101,100001
001110,010101,011000
001110,010101,011000,100100
001110,010101,011000,100011
001110,010101,011000,100011,100100
001110,010101,011000,100010
001110,010101,011000,100001
001110,010100
001110,010100,100011
001110,010100,100010
001110,010100,100001
001110,010011
001110,010011,110000
001110,010011,101000
001110,010011,100100
001110,010011,100010
001110,010011,100001
001110,010011,011000
001110,010011,011000,100100
001110,010011,011000,100010
001110,010011,011000,100001
001110,010011,010100
001110,010011,010100,100010
001110,010011,010100,100001
001110,010010
001110,010010,100001
001110,010001
001101
001101,110000
001101,101000
001101,100100
001101,100011
001101,100011,110000
001101,100011,101000
001101,100011,100100
001101,100010
001101,100001
001101,011000
001101,011000,100100
001101,011000,100011
001101,011000,100011,100100
001101,011000,100010
001101,011000,100001
001101,010100
001101,010100,100011
001101,010100,100010
001101,010100,100001
001101,010011
001101,010011,110000
001101,010011,101000
001101,010011,100100
001101,010011,100010
001101,010011,100001
001101,010011,011000
001101,010011,011000,100100
001101,010011,011000,100010
001101,010011,011000,100001
001101,010011,010100
001101,010011,010100,100010
001101,010011,010100,100001
001101,010010
001101,010010,100001
001101,010001
001100
001100,100011
001100,100010
001100,100001
001100,010011
001100,010011,100010
001100,010011,100001
001100,010010
001100,010010,100001
001100,010001
001011
001011,110000
001011,101000
001011,100100
001011,100010
001011,100001
001011,011000
001011,011000,100100
001011,011000,100010
001011,011000,100001
001011,010100
001011,010100,100010
001011,010100,100001
001011,010010
001011,010010,100001
001011,010001
001011,001100
001011,001100,100010
001011,001100,100001
001011,001100,010010
001011,001100,010010,100001
001011,001100,010001
001010
001010,100001
001010,010001
001001
000111
000111,110000
000111,101000
000111,100100
000111,100010
000111,100001
000111,011000
000111,011000,100100
000111,011000,100010
000111,011000,100001
000111,010100
000111,010100,100010
000111,010100,100001
000111,010010
000111,010010,100001
000111,010001
000111,001100
000111,001100,100010
000111,001100,100001
000111,001100,010010
000111,001100,010010,100001
000111,001100,010001
000111,001010
000111,001010,100001
000111,001010,010001
000111,001001
000110
000110,100001
000110,010001
000110,001001
000101
000011
